"n"	"n.juveniles"	"nadult.1"	"nadult.2"	"phenotypes"	"ho"	"fis"	"ne1"	"ne2"	"ne3"	"ne4"
"Ho"	1	1516	329	329	-0.00609756097560976	0.366	-0.0016	0	0	0	0
"Ho"	2	1334	478	478	-0.0211092715231788	0.366	-0.0054	1516	329	1845	Inf
"Ho"	3	1544	537	537	-0.0307544449783758	0.3648	-0.0011	1419.18877192982	389.744733581165	1828.35110746514	Inf
"Ho"	4	1592	488	488	-0.0384615384615385	0.3655	-0.0035	1458.4883669659	428.953731750141	1905.46359622899	252.011558215337
"Ho"	5	1248	478	478	-0.0501158748551564	0.3648	-0.0012	1489.7219104699	442.333941042568	1946.29279639341	93.6017768411893
"Ho"	6	1709	478	478	-0.0601280292638317	0.3629	-5e-04	1434.16592839576	449.034905653013	1897.84758756454	451.487511039784
"Ho"	7	1490	473	473	-0.0883851248089659	0.3641	-0.0018	1473.66398507558	453.616159085802	1940.6102873188	819.768737927376
"Ho"	8	1672	478	478	-0.116627906976744	0.3633	0.0027	1475.97573595291	456.287437582099	1943.77749637637	813.344406832828
"Ho"	9	1650	414	414	-0.13093507751938	0.3632	1e-04	1497.92775340635	458.89301899372	1967.36558100767	580.760772704945
"Ho"	10	1462	583	583	-0.100855745721271	0.364	-0.0051	1513.4260768787	453.429832179879	1977.65355485789	781.004844108694
"Ho"	11	1826	459	459	-0.0480306345733042	0.3626	0.0017	1508.12123702387	463.73624435928	1984.1879315662	690.597674925002
"Ho"	12	1454	539	539	-0.0296036126442549	0.3622	0.0039	1532.37238904257	463.301641509954	2008.22204443917	754.277110771473
"Ho"	13	1501	418	418	-0.035695674830641	0.3637	-0.0022	1525.52010481819	468.788111910585	2006.94466524193	630.549265112322
"Ho"	14	1278	519	519	-0.0644129104062326	0.3625	-2e-04	1523.60553671171	464.447221687613	1999.8945167753	844.370020871579
"Ho"	15	1659	495	495	-0.0681290622098421	0.3623	3e-04	1502.97403963655	467.960647709276	1983.89478019999	932.191111422244
"Ho"	16	1637	483	483	-0.0811320754716981	0.3628	-8e-04	1512.45696309143	469.671031612916	1994.39484125973	818.772269219526
"Ho"	17	1577	466	466	-0.0981399902104748	0.3616	0.0015	1519.68306050644	470.482502420556	2001.80749894465	731.173432597999
"Ho"	18	1900	517	517	-0.0621638394704179	0.3634	-0.0025	1522.93906431867	470.216440020836	2004.18455040322	757.020593334402
"Ho"	19	1721	482	482	-0.108828869723105	0.3629	-0.0026	1539.91691557771	472.592278102536	2023.38383573991	777.025626868908
"Ho"	20	1434	471	471	-0.11259842519685	0.3628	-0.0031	1548.49227744824	473.078256337015	2032.10397145749	784.05063916563
"Ho"	21	1610	486	486	-0.0979246183206107	0.3622	2e-04	1542.33518303769	472.973908033234	2025.34728684493	834.856213885246
"Ho"	22	1313	521	521	-0.102099236641221	0.3607	0.0015	1545.42808776075	473.578344155558	2028.60351963706	845.669226261823
"Ho"	23	1287	462	462	-0.12292738707833	0.3609	-1e-04	1533.09222628748	475.545816678398	2018.86627164117	830.941759277626
"Ho"	24	1343	359	359	-0.154964747356052	0.3619	0.0013	1520.45172931006	474.940371994396	2005.41278835149	782.5041298317
"Ho"	25	767	510	258	-0.0548780487804878	0.3626	6e-04	1512.12678784077	468.634240589652	1990.62671310691	1067.23744921174
"Ho"	26	707	288	134	0.0948275862068965	0.3653	-0.0067	1455.56458880298	470.159613881596	1947.1026883131	1479.61447161447
"Ho"	27	1718	154	153	0.0463655799037948	0.3626	-0.0073	1398.60944234948	458.993732330397	1877.98649240902	2897.4740220118
"Ho"	28	1504	231	231	0.056628242074928	0.3618	-0.0058	1408.30632812281	427.626847244809	1877.76408776243	1059.98223011995
"Ho"	29	1527	414	411	0.0961042311661507	0.3611	-0.0028	1411.51379720906	415.010549183689	1872.26199275527	491.863741665883
"Ho"	30	1514	554	550	0.0853924418604651	0.3612	-0.0014	1415.2045272188	414.975620541794	1874.55112400191	314.024829418855
"Ho"	31	1278	508	502	0.100702247191011	0.3607	-0.0018	1418.28952466772	418.476124969711	1880.41450363018	307.723658836983
"Ho"	32	1573	512	508	0.0866170110523787	0.3601	4e-04	1413.28500446236	420.86866968581	1877.21333026052	353.207807890973
"Ho"	33	1465	556	553	0.0642963330029732	0.3606	-3e-04	1417.78359992755	423.222725471418	1883.07781569493	696.1437163145
"Ho"	34	1528	502	494	0.0642927794263106	0.3599	3e-04	1419.16963946561	426.307747315706	1886.98012058406	1005.22298767617
"Ho"	35	1196	461	456	0.0723365617433414	0.359	0.003	1422.14879264233	428.206735623294	1890.89834796328	1114.16400905922
"Ho"	36	1346	571	565	0.0881737310308739	0.3608	6e-04	1414.50691421819	429.078808434167	1883.30284105343	1473.94503405301
"Ho"	37	1673	525	523	0.0535063752276867	0.36	4e-04	1412.50991290904	432.0618171871	1884.22286883848	1363.66946469056
"Ho"	38	1559	450	443	0.0574425574425574	0.3608	-4e-04	1418.47911775096	434.138938630841	1891.52085456602	1269.9238833586
"Ho"	39	1443	456	450	0.0619387216059165	0.361	-4e-04	1421.85172263418	434.541996951374	1894.43611400056	998.961340028146
"Ho"	40	1173	379	377	0.0719354838709677	0.3619	-0.0018	1422.38623973209	435.066944534718	1894.55286267105	795.145860748544
"Ho"	41	1464	487	483	0.0830765279917822	0.361	2e-04	1414.86603257971	433.463844710234	1884.15622753155	1066.68940577895
"Ho"	42	1417	459	454	0.0573222875467664	0.3617	-0.0036	1416.02515115967	434.629186304438	1885.73202283691	841.825983249796
"Ho"	43	1269	501	498	0.0503678551216752	0.3604	-3e-04	1416.0483462581	435.179330218792	1885.49913471834	981.011585713994
"Ho"	44	1359	556	551	0.074869109947644	0.3621	-0.0033	1412.24260397011	436.513015361963	1882.64217056535	1058.52076807436
"Ho"	45	1475	488	484	0.0801429300663604	0.3618	-0.0033	1410.98625601312	438.655495021669	1883.36542735696	949.150388271278
"Ho"	46	1609	443	437	0.0999511241446725	0.3621	-0.0042	1412.34836081748	439.64338140703	1885.06482546394	872.803924704128
"Ho"	47	1656	480	474	0.119483568075117	0.3627	-0.0042	1416.11089938625	439.715810412077	1888.40452733874	932.994561439305
"Ho"	48	1543	469	465	0.140687250996016	0.3623	-0.002	1420.48904512923	440.502392055495	1893.07338940576	897.926689689675
"Ho"	49	1402	499	498	0.1925	0.3623	-2e-04	1422.84260159056	441.060724305004	1895.40745153202	777.374391105954
"Ho"	50	1427	474	470	0.158012651555087	0.3617	-0.0013	1422.41104977233	442.10834761036	1895.52125623736	696.706906578352
"Ho"	51	1452	496	491	0.166623777663407	0.3606	-2e-04	1422.50253951799	442.704067620319	1895.63052161239	698.538895260032
"Ho"	52	1416	562	560	0.207616396761134	0.3606	9e-04	1423.06939704111	443.638766454046	1896.63029553105	971.138908426546
"Ho"	53	1489	578	574	0.227823557925351	0.3605	0.0013	1422.93278148272	445.442871564662	1898.13191364625	1014.06597889936
"Ho"	54	1489	527	524	0.219821162444113	0.3613	-0.0012	1424.12502116453	447.378734998573	1901.06231825893	1121.93865831013
"Ho"	55	1386	477	472	0.177072120559742	0.3611	-0.0026	1425.2749936174	448.633946268673	1903.07156496918	1121.42211554572
"Ho"	56	1630	403	398	0.189842209072978	0.3595	5e-04	1424.54104582149	449.119547534812	1902.3276109902	896.520962671688
"Ho"	57	1438	605	598	0.199778978388998	0.358	0.0038	1427.75472892215	448.203606930633	1904.51357243363	1114.53567072145
"Ho"	58	1630	412	407	0.21453117329406	0.358	0.0019	1427.93321223035	450.2508072366	1906.78116405208	711.132950028654
"Ho"	59	1642	502	496	0.225210477081384	0.3578	0.0015	1430.99176850268	449.531233560597	1908.96063173499	817.390473761242
"Ho"	60	1654	513	509	0.258552935737402	0.3578	0.002	1434.11538947024	450.328998671414	1912.51423134869	827.762182816622
"Ho"	61	1572	460	454	0.278874629812438	0.359	-0.0013	1437.29999395821	451.247781983442	1916.26490160268	662.520233984787
"Ho"	62	1624	523	515	0.253856942496494	0.3589	-0.0033	1439.32181702426	451.388574970552	1918.05580757936	755.438631323494
"Ho"	63	1881	526	523	0.281301996672213	0.3583	-0.0025	1441.96661854006	452.387653627865	1921.36037584112	816.469258275797
"Ho"	64	1542	496	493	0.237346437346437	0.359	-0.0041	1447.32872434272	453.39481931326	1927.53342010814	897.347486530193
"Ho"	65	1525	525	517	0.24498041136141	0.3582	-0.0021	1448.718478177	454.004160583869	1929.167286891	865.197194820543
"Ho"	66	1221	468	462	0.266042780748663	0.3564	0.0025	1449.83419629942	454.950669145008	1930.91826695094	837.443080167039
"Ho"	67	1530	550	546	0.258068400770713	0.3552	0.0029	1445.72886531189	455.142954530918	1926.73690758863	1011.06296537219
"Ho"	68	1682	522	512	0.251367365542388	0.3563	-3e-04	1446.91834390561	456.317579697967	1928.85819613601	1037.08765743845
"Ho"	69	1303	462	457	0.262073863636364	0.3567	5e-04	1449.898379159	457.163523090755	1932.4057941931	920.96683366383
"Ho"	70	1577	477	475	0.265472709551657	0.3552	0.0036	1447.5332653141	457.232893701601	1929.75315339792	921.65606313725
"Ho"	71	1682	470	461	0.25933271115259	0.3561	9e-04	1449.23294333723	457.503739015798	1931.42218327501	827.329579907692
"Ho"	72	1355	475	469	0.227247807017544	0.3568	0.0013	1452.06317957845	457.67512732377	1934.21450756658	869.955705381247
"Ho"	73	1312	517	515	0.254926108374384	0.3568	8e-04	1450.619946856	457.907091711531	1932.68586529478	796.375993745727
"Ho"	74	1674	476	470	0.276935634328358	0.3559	0.0034	1448.52344832373	458.625183333309	1931.18615583746	671.121478260296
"Ho"	75	1383	509	503	0.310312831389183	0.3562	0.0011	1451.16482874852	458.851519383346	1933.84581792065	768.864385183702
"Ho"	76	1544	535	533	0.310423688011555	0.3553	0.0022	1450.21179487388	459.455081249391	1933.27570162044	969.998228579648
"Ho"	77	1449	440	434	0.288900690387679	0.3574	-0.0027	1451.37181632895	460.31032241779	1935.06037362411	823.11175780997
"Ho"	78	1809	513	509	0.289150129421915	0.3583	-0.0046	1451.34096375533	460.034541725176	1934.44779507161	1033.12147446083
"Ho"	79	1437	491	487	0.316528066528067	0.3564	0.001	1455.02910643165	460.644284205674	1938.59600481637	804.144497124258
"Ho"	80	1543	436	432	0.320759493670886	0.3584	-0.0047	1454.79806330277	461.005060162415	1938.46115041431	726.367151396492
"Ho"	81	1498	430	430	0.30121887966805	0.3593	-0.0047	1455.83830761782	460.674807831992	1938.95763292969	780.632243622056
"Ho"	82	1727	508	505	0.30880376344086	0.3585	-0.0017	1456.34434811963	460.269448174407	1938.82159420636	830.835666018159
"Ho"	83	1319	483	479	0.292825361512792	0.3601	-0.0034	1459.13307390449	460.797442129484	1941.95995074221	840.793361428683
"Ho"	84	1449	441	433	0.310308182784272	0.3616	-0.0081	1457.26773773716	461.052787765487	1940.14441434581	819.375779631311
"Ho"	85	1569	525	521	0.309688995215311	0.3601	-0.0059	1457.16875741309	460.803344086063	1939.5318123879	835.253170465249
"Ho"	86	1642	520	515	0.31583217431618	0.3585	-1e-04	1458.39167011617	461.467201815374	1941.2164923887	858.506541243995
"Ho"	87	1506	416	411	0.311554512258738	0.3584	-7e-04	1460.29038608177	462.071995349599	1943.52431522416	672.993268600177
"Ho"	88	1549	498	495	0.305528375733855	0.3576	-0.0027	1460.80001503492	461.484530905474	1943.27417082345	744.563440527589
"Ho"	89	1319	551	546	0.289812332439678	0.3565	-2e-04	1461.74583022543	461.869374298658	1944.39379076723	816.58212799683
"Ho"	90	1579	445	440	0.289747399702823	0.3562	-0.0016	1459.97052628493	462.710371564836	1943.52503997005	884.944431907733
"Ho"	91	1538	583	574	0.314038825757576	0.3565	-0.0029	1461.19440356909	462.505848458042	1944.38403331307	1148.89987467865
"Ho"	92	1651	514	506	0.317454798331015	0.358	-0.0043	1461.99671232936	463.558684497066	1946.16488410571	1046.08743204785
"Ho"	93	1606	451	449	0.320802919708029	0.3583	-0.0037	1463.81818053488	464.053682767722	1948.30544866368	803.549558136775
"Ho"	94	1509	511	505	0.342229394240318	0.3603	-0.0078	1465.21299466929	463.909302898065	1949.41307789652	847.38139797738
"Ho"	95	1264	454	447	0.325540619520748	0.3616	-0.0119	1465.66543675643	464.364548146882	1950.13803176917	822.76540193266
"Ho"	96	1466	525	520	0.330186304128902	0.3603	-0.0058	1463.20808750566	464.252983750814	1947.36823684465	1005.93508881878
"Ho"	97	1410	582	574	0.323840725806452	0.3586	2e-04	1463.23711511752	464.813222170656	1947.81287579319	1102.61272198613
"Ho"	98	1681	492	486	0.315182279649285	0.359	-0.002	1462.66777818044	465.780084878773	1948.25841018	1142.93542699675
"Ho"	99	1687	440	435	0.317153628652215	0.3582	-4e-04	1464.6088683255	466.033514428963	1950.31668225671	881.024696555251
"Ho"	100	1564	463	458	0.306379821958457	0.3564	0.0026	1466.56171222899	465.755157137785	1951.95448860002	810.238799386506
"Ho"	101	998	588	586	0.315814393939394	0.3557	0.0014	1467.47595995842	465.72744326544	1952.67742730811	896.465847728018
"Ho"	102	1369	526	524	0.323296354992076	0.3551	0.0025	1460.67274225712	466.68829682594	1948.21781475676	829.500829416272
"Ho"	103	1619	516	512	0.342914124824026	0.3536	0.0034	1459.7144355983	467.204786642291	1947.68156685553	1005.09581833914
"Ho"	104	1451	446	440	0.351533580116341	0.3569	-0.0038	1461.11008162218	467.63412183361	1949.34204614315	1108.71711648653
"Ho"	105	1429	505	498	0.386481577581733	0.357	-0.0021	1461.01219851386	467.416112668198	1948.82500765893	943.542772017048
"Ho"	106	1572	470	462	0.410766961651917	0.3554	0.0027	1460.70055709827	467.747650150196	1948.68274520449	668.845907771052
"Ho"	107	1247	458	455	0.417156286721504	0.3553	-5e-04	1461.6768630933	467.768797861589	1949.52322787865	696.923829344127
"Ho"	108	1578	468	462	0.391421568627451	0.3549	-0.0013	1459.32891658966	467.675571968283	1946.91371968593	793.631929841561
"Ho"	109	1667	554	545	0.397377938517179	0.3552	-0.0035	1460.34579694616	467.678573868394	1947.78714472038	993.81847013495
"Ho"	110	1287	491	486	0.453468697123519	0.3551	-0.0021	1462.00856649409	468.348074642234	1949.98783018253	885.065523071276
"Ho"	111	1592	508	498	0.454784688995215	0.3563	-0.005	1460.20346572891	468.544583380051	1948.27456954332	943.592995284316
"Ho"	112	1435	478	471	0.439926547743966	0.3561	-0.0042	1461.29333736987	468.872659675171	1949.5435327853	818.894223067779
"Ho"	113	1700	510	504	0.434097096188748	0.3556	-0.0019	1461.05431301716	468.952611297995	1949.21107507664	1004.84367816092
"Ho"	114	1804	458	457	0.478549314462627	0.3561	-0.004	1462.87392475542	469.286864296981	1951.24873198238	788.300244082727
"Ho"	115	1561	505	498	0.467095677513356	0.3565	-0.0018	1465.30445709334	469.185438717097	1953.60297757503	727.027498799145
"Ho"	116	1432	480	475	0.478762454116413	0.3579	-0.0039	1466.08599565726	469.474961571716	1954.52760859255	808.903130174238
"Ho"	117	1431	409	406	0.512792596624932	0.3529	0.0016	1465.78521817832	469.563721920454	1954.15290864833	760.099418280028
"Ho"	118	1666	403	397	0.532840523509452	0.3516	0.0072	1465.4807447813	468.970183797442	1953.11726197244	923.421819202502
"Ho"	119	1629	497	488	0.529286726499764	0.3543	0.0041	1466.97705761329	468.320497350742	1954.04475522007	812.893186324266
"Ho"	120	1630	450	446	0.509513487475915	0.3561	-0.001	1468.20419992619	468.547704545741	1955.37378586105	665.030077532843
"Ho"	121	1638	492	487	0.504352941176471	0.3554	0.0013	1469.41966992178	468.386824907936	1956.35059903688	593.89459317528
"Ho"	122	1518	478	470	0.543636820925553	0.3551	0.001	1470.67057119389	468.572682745755	1957.66960790157	647.491361166279
"Ho"	123	1440	446	441	0.534024455077087	0.3568	5e-04	1471.04651771234	468.648444073057	1957.97780649976	682.290051706064
"Ho"	124	1515	486	479	0.560682046138415	0.3584	-0.0019	1470.78871019347	468.455039687788	1957.37047635037	737.637587522044
"Ho"	125	1700	595	590	0.55382096069869	0.3579	-0.0013	1471.13492957341	468.591463068615	1957.71471616799	991.934146595637
"Ho"	126	1833	520	520	0.569060773480663	0.3581	-0.0052	1472.72106797784	469.389241990718	1960.01915404752	837.241892124763
"Ho"	127	855	336	336	0.492653232577666	0.3557	-0.0014	1475.02200300478	469.752100810902	1962.62060273763	711.135676125937
"Ho"	128	765	324	324	0.47910927456382	0.3546	0.0016	1466.6474238874	468.284299703336	1952.65933040335	768.081048805622
"Ho"	129	923	381	381	0.511119631901841	0.3556	-0.003	1456.21290556812	466.660750811797	1940.63534179673	990.084074270261
"Ho"	130	954	305	305	0.49801429706116	0.3543	-3e-04	1449.7206803819	465.848832750834	1933.31844655476	925.388330685145
"Ho"	131	791	305	305	0.55360401459854	0.3566	-0.0036	1443.94906762396	463.966651305744	1925.38587971035	1051.84377768946
"Ho"	132	825	256	256	0.563367252543941	0.3537	0.0086	1434.90725798855	462.128009280717	1914.3275119639	740.326903019832
"Ho"	133	784	251	251	0.552657004830918	0.356	4e-04	1426.91564907297	459.326163056716	1903.21266686803	680.677165266198
"Ho"	134	1117	281	281	0.568490701001431	0.3558	-0.0023	1418.17155015223	456.47752121755	1891.28402824273	801.39852912852
"Ho"	135	980	254	254	0.604740680713128	0.3558	0	1415.32373522082	454.36008399231	1886.31696425649	641.223150709143
"Ho"	136	809	291	291	0.575681818181818	0.3561	0.0011	1410.68198653159	451.720632726224	1878.95951682282	679.22537163046
"Ho"	137	954	262	262	0.575246710526316	0.3538	0.0042	1403.00942872422	449.893586489111	1869.22655017605	454.853053964755
"Ho"	138	952	301	301	0.588188347964884	0.3526	0.0046	1398.20593023173	447.550801476976	1861.92572350341	577.715161681462
"Ho"	139	905	305	305	0.599173553719008	0.3515	0.0041	1393.47313295109	445.977342548019	1855.39186370611	600.891029802507
"Ho"	140	838	297	297	0.579515418502203	0.3556	-0.0033	1388.08308332663	444.499236142171	1848.29942414351	569.702357058648
"Ho"	141	1062	294	294	0.551438053097345	0.3535	0.0013	1381.60509499901	442.928010955018	1840.03951773444	565.627072971331
"Ho"	142	792	307	307	0.56869881710646	0.3549	-0.002	1378.66251666687	441.342440159365	1835.3929627618	571.775010747337
"Ho"	143	929	299	299	0.594462540716612	0.3529	0.0022	1371.50811700519	439.986545628535	1826.77294494011	585.126488466777
"Ho"	144	902	278	278	0.576271186440678	0.3543	-0.0033	1366.95484433664	438.540506124438	1820.56519804886	474.280063526807
"Ho"	145	870	256	256	0.561056838365897	0.3516	0.0019	1362.07906474558	436.788849873732	1813.72779864592	452.212423733534
"Ho"	146	811	291	291	0.598911070780399	0.3531	0.0013	1356.78658536401	434.671828860473	1806.12003874919	489.624535427454
"Ho"	147	840	301	301	0.569237510955302	0.3536	-7e-04	1350.56124029984	433.206884517077	1798.25026247384	506.298066162121
"Ho"	148	746	280	280	0.607212475633528	0.3528	0.0053	1344.99997648225	431.916349228729	1791.23119474534	564.96001992263
"Ho"	149	953	268	268	0.581285831285831	0.3542	-0.002	1337.74228143192	430.338755294463	1782.24962757394	532.910810309661
"Ho"	150	1103	238	238	0.538031319910515	0.3537	-9e-04	1334.12744985956	428.596348259998	1776.76831039803	541.051022653323
"Ho"	151	978	264	264	0.522342995169082	0.3558	-0.0042	1332.2663237312	426.320295277672	1772.92746721213	641.491393604515
"Ho"	152	866	295	295	0.504306632213609	0.3559	-0.0048	1329.07798442883	424.591421983753	1767.92251566278	460.352194952669
"Ho"	153	775	309	309	0.549584870848708	0.3584	-0.0124	1324.41871351905	423.367852802956	1761.86311590215	439.765165079282
"Ho"	154	882	304	304	0.549747048903879	0.3563	-0.0035	1318.31030658115	422.346154665412	1754.69141708975	425.585903917445
"Ho"	155	1020	295	295	0.532319391634981	0.3564	-0.0042	1314.08915452205	421.281198030506	1749.24486237336	503.251300099712
"Ho"	156	860	278	278	0.517794376098418	0.3595	-0.0123	1311.64929473635	420.120927411998	1745.52605593681	548.920102526012
"Ho"	157	893	281	281	0.547700170357751	0.3593	-0.009	1307.24844620643	418.748649547531	1739.57298984282	633.168090613051
"Ho"	158	1043	265	265	0.54434250764526	0.3582	-0.0124	1303.39733017434	417.445240021204	1734.25150302274	634.594508152635
"Ho"	159	822	292	292	0.523563734290844	0.3571	-0.0094	1301.34103121822	415.930869797214	1730.68191293138	573.03204390723
"Ho"	160	828	259	259	0.583026678932843	0.3573	-0.0071	1296.58574233245	414.823575781555	1724.67727622141	456.725033365151
"Ho"	161	841	317	317	0.543609671848014	0.3542	-0.0013	1292.01584345631	413.269590613333	1718.37685148488	568.175094155996
"Ho"	162	766	296	296	0.540960451977401	0.3541	-9e-04	1287.72647305737	412.491520002558	1713.22740245804	581.080063033335
"Ho"	163	834	265	265	0.562784349408553	0.3522	0.002	1282.33508472427	411.491867992815	1706.76688442344	545.422501764087
"Ho"	164	862	254	254	0.516129032258065	0.3526	-8e-04	1278.11986076065	410.101048023126	1700.99583244923	593.744151344578
"Ho"	165	857	246	246	0.53558476881233	0.3552	-0.0059	1274.3687279891	408.569979222774	1695.57629693853	601.349208122054
"Ho"	166	756	252	252	0.567956349206349	0.3554	-0.0052	1270.61839114337	406.940113595474	1690.07341254961	644.009746537066
"Ho"	167	784	269	269	0.572174738841405	0.3539	-0.0028	1265.42927612627	405.438424087821	1683.21219216833	642.381628523354
"Ho"	168	870	275	275	0.525982532751092	0.352	0.0067	1260.79327166486	404.210770535494	1677.20146257092	596.864564433833
"Ho"	169	1001	266	266	0.529992107340174	0.3528	0.0026	1257.43123235735	403.083438896319	1672.57396044985	532.941306848048
"Ho"	170	934	250	250	0.551309121621622	0.3525	0.0023	1255.52806682799	401.858006732087	1669.41189941172	535.489955206463
"Ho"	171	978	288	288	0.546603475513428	0.3547	-0.0014	1252.99077182473	400.427228361728	1665.39558961231	549.971936608372
"Ho"	172	799	295	295	0.505255941499086	0.3536	0.0037	1250.93385135638	399.515183511772	1662.32875492922	470.384776227771
"Ho"	173	717	317	317	0.568665377176016	0.3546	1e-04	1246.83362199418	398.693946401539	1657.32309842522	476.046704005166
"Ho"	174	956	293	293	0.599879903923139	0.3569	-0.0078	1241.53049962791	398.100915005087	1651.56812831642	469.074049223914
"Ho"	175	806	300	300	0.599231464737794	0.3559	-0.006	1239.40305665427	397.281906494485	1648.51446982815	497.295619312047
"Ho"	176	1010	259	259	0.567375886524823	0.3541	-0.004	1235.6064200059	396.547109184079	1643.90665197363	617.351949355805
"Ho"	177	871	267	267	0.548550087873462	0.3555	-0.0068	1234.04022178032	395.35415067825	1641.15180416809	681.498745979676
"Ho"	178	804	255	255	0.565155807365439	0.3525	-0.0011	1231.14106874084	394.283288058107	1637.06250609596	609.658604520645
"Ho"	179	833	290	290	0.618655387355298	0.3485	0.0084	1227.47746236869	393.077095717243	1632.05761852417	550.257314662171
"Ho"	180	747	276	276	0.623900293255132	0.3515	0.0034	1224.23861682221	392.298113821114	1627.93501832845	541.004530887391
"Ho"	181	674	271	271	0.61984126984127	0.3511	7e-04	1219.90879689896	391.381910560609	1622.60445324393	493.330412359914
"Ho"	182	870	257	257	0.602706299911269	0.3514	-2e-04	1214.4741678856	390.423725121813	1616.20177837843	482.669603022252
"Ho"	183	890	242	242	0.619920494699647	0.3508	-9e-04	1211.83777273356	389.31320180493	1612.35627024742	519.479496699984
"Ho"	184	902	242	242	0.598339160839161	0.3492	0.0049	1209.44785437113	388.022481619326	1608.62616508569	493.080209373928
"Ho"	185	771	263	263	0.596228239845261	0.3512	0.0031	1207.21155218341	386.754182895757	1605.08327739273	484.168749351
"Ho"	186	1001	256	256	0.600238663484487	0.3523	-0.0034	1203.53087023994	385.772967842451	1600.30567370737	458.664282226706
"Ho"	187	917	292	292	0.605252274607113	0.3495	0.0027	1202.22310654132	384.724437263963	1597.95929304487	498.857142857143
"Ho"	188	957	301	301	0.576112877583466	0.3505	9e-04	1200.22675478074	384.072234461803	1595.21484239024	517.96608858097
"Ho"	189	960	255	255	0.576543209876543	0.3509	0.0014	1198.60637005871	383.509235784462	1592.94357333762	436.663745051894
"Ho"	190	859	312	312	0.574508966695132	0.3505	0.0021	1197.03218848168	382.489349613396	1590.32614330573	526.348206873258
"Ho"	191	944	285	285	0.566517493897478	0.3516	0.0017	1194.55808099814	382.035074917707	1587.33449939469	531.417696938313
"Ho"	192	921	316	316	0.542643492320129	0.3515	-4e-04	1192.90037607173	381.355276299062	1584.91508994276	534.197249979099
"Ho"	193	988	303	303	0.538729666924864	0.3521	-0.0023	1191.06896490472	380.944926205001	1582.59677404498	513.102203115617
"Ho"	194	920	301	301	0.596437346437346	0.3528	-2e-04	1189.80188514314	380.437851865678	1580.74681770065	536.492357833853
"Ho"	195	836	307	307	0.557961504811899	0.3501	0.0028	1188.00601858456	379.921016070985	1578.34973615181	532.793418501887
"Ho"	196	1021	300	300	0.543906131718395	0.3489	0.0021	1185.44630668013	379.458800731364	1575.27283723955	508.642161710955
"Ho"	197	875	295	295	0.526495726495727	0.3503	7e-04	1184.47296020274	378.946714821487	1573.72733169462	569.469290823244
"Ho"	198	812	298	298	0.555855855855856	0.3487	2e-04	1182.35023111778	378.400118472286	1570.97560368631	659.270361797344
"Ho"	199	889	292	292	0.567104149026249	0.3488	4e-04	1179.63292674987	377.885203972112	1567.68747156058	673.062796672649
"Ho"	200	911	304	304	0.519547325102881	0.3476	0.0033	1177.69818063986	377.327503662063	1565.11232092983	779.325625816829
"Ho"	201	937	256	256	0.509010896898575	0.3473	0.003	1175.97682564604	376.872978091649	1562.86056479966	775.571419215404
"Ho"	202	834	299	299	0.488746690203001	0.3487	8e-04	1174.48654457441	375.989757442667	1560.45369601969	626.311793606967
"Ho"	203	764	302	302	0.568480300187617	0.3486	-4e-04	1172.11760641617	375.511090801423	1557.54466530347	589.207929140584
"Ho"	204	842	283	283	0.572666666666667	0.3487	-5e-04	1169.04132686518	375.06136043697	1554.01474516655	560.914565502903
"Ho"	205	902	265	265	0.563624678663239	0.3488	0.0019	1166.81973568074	374.46422737027	1551.11517531182	491.605735116124
"Ho"	206	847	267	267	0.57181328545781	0.3491	-0.0018	1165.15105905164	373.711203749873	1548.62870057019	632.838342586277
"Ho"	207	788	269	269	0.520577105014191	0.346	0.0079	1163.03038557884	372.987558222045	1545.70123669483	666.128657317981
"Ho"	208	1091	274	274	0.538278388278388	0.3499	-0.0028	1160.3625221926	372.292305312283	1542.2565104212	632.609673340155
"Ho"	209	1126	293	293	0.543516560958421	0.3483	-0.0013	1160.00795564477	371.651329982476	1541.29425189548	646.874593652963
"Ho"	210	925	282	282	0.579328914664457	0.3482	-0.0042	1159.84034790808	371.174602250505	1540.65894455575	459.710044888691
"Ho"	211	949	326	326	0.591176470588235	0.3489	-0.0022	1158.43984126533	370.616520845003	1538.63354177196	494.182787116782
"Ho"	212	891	287	287	0.58616298811545	0.3494	-9e-04	1157.22943794834	370.376284442024	1537.12721970864	417.970281847831
"Ho"	213	1030	267	267	0.601580570547417	0.3509	-0.0065	1155.60070340289	369.869441700297	1534.91996269052	448.614042739347
"Ho"	214	812	322	322	0.606701940035273	0.3507	-0.0117	1154.93950091552	369.201622165789	1533.59920490852	554.743152629715
"Ho"	215	910	297	297	0.599420049710025	0.3476	-7e-04	1152.66466179762	368.948894089262	1531.07807557701	504.256521128582
"Ho"	216	843	302	302	0.590393013100437	0.3484	-0.0034	1151.23678301102	368.53364722758	1529.16840157144	467.65414003546
"Ho"	217	976	293	293	0.601063829787234	0.3496	-0.0059	1149.29127399867	368.158142812602	1526.79678956202	496.396184268177
"Ho"	218	820	261	261	0.601063829787234	0.3502	-0.0081	1148.35167606795	367.72346244416	1525.36878037275	583.733183283032
"Ho"	219	869	283	283	0.599392361111111	0.3504	-0.006	1146.24621698016	367.035015614664	1522.49788048278	585.647760119677
"Ho"	220	977	265	265	0.574677938808374	0.349	-0.0047	1144.57878767278	366.538024334056	1520.26529284971	727.261049424897
"Ho"	221	863	278	278	0.584794040315513	0.3506	-0.0064	1143.6871076738	365.900754356359	1518.71864269648	619.797660888555
"Ho"	222	872	278	278	0.594347826086957	0.3501	-7e-04	1142.00641642015	365.377999680148	1516.44711638384	582.223384776188
"Ho"	223	629	303	303	0.585568669527897	0.3509	-1e-04	1140.41579125987	364.861425994817	1514.27359037284	634.319949475491
"Ho"	224	888	275	275	0.604256233877902	0.3508	4e-04	1136.27292148133	364.527690069728	1510.04305192205	569.69145607874
"Ho"	225	880	254	254	0.560846560846561	0.3505	-0.0013	1134.85644522491	363.998664750838	1508.03411275267	628.693269032226
"Ho"	226	891	236	236	0.582298136645963	0.3458	0.0074	1133.39758825335	363.299409284066	1505.82666403528	643.431999650309
"Ho"	227	867	244	244	0.614986498649865	0.3508	-0.003	1132.03488290371	362.434371010969	1503.5903246788	537.726570526236
"Ho"	228	943	276	276	0.646431501230517	0.3533	-0.0082	1130.51246655489	361.661042886944	1501.25335183289	511.755378049174
"Ho"	229	811	298	298	0.627592425608656	0.3485	-0.0015	1129.52736645199	361.16939930375	1499.73030337149	485.297630949794
"Ho"	230	927	255	255	0.620346869712352	0.3519	-0.0083	1127.59342665788	360.835385726132	1497.42644612738	414.246631264843
"Ho"	231	916	269	269	0.660126582278481	0.3515	-0.0067	1126.53355504749	360.18542216113	1495.69106572069	408.693255749216
"Ho"	232	888	271	271	0.698231233822261	0.3505	-0.0043	1125.41379207208	359.657645173913	1493.99537092837	450.666349377978
"Ho"	233	894	276	276	0.693803418803419	0.3487	0.0013	1124.11835287855	359.151195573758	1492.13638584145	518.807425246327
"Ho"	234	1093	307	307	0.670892857142857	0.3474	0.0023	1122.87787124028	358.687407448383	1490.37524686792	586.061529298258
"Ho"	235	737	330	330	0.674554826616682	0.3463	0.0034	1122.7467130474	358.429517577889	1489.96420937328	660.884686822484
"Ho"	236	870	325	325	0.698326359832636	0.3455	0.0064	1120.25164454272	358.298166913358	1487.45512531952	640.964109865157
"Ho"	237	963	315	315	0.730046948356808	0.3447	0.0053	1118.88790239567	358.142684581024	1485.91423023259	641.111465824441
"Ho"	238	765	260	260	0.75390243902439	0.3484	-0.0056	1118.12419354302	357.935835570854	1484.89493324619	699.956907448589
"Ho"	239	758	278	278	0.745173745173745	0.3493	-0.007	1115.95979302706	357.370235173474	1482.10087428884	725.038508731411
"Ho"	240	1060	270	270	0.737781954887218	0.3475	-0.005	1113.75910536168	356.943837468354	1479.43541882854	823.663358022565
"Ho"	241	859	259	259	0.759838998211091	0.347	-0.004	1113.52379858805	356.465558400874	1478.74313624738	709.297511105347
"Ho"	242	840	267	267	0.788392050587173	0.3483	-0.0072	1112.1564348175	355.909814975684	1476.76593490658	668.608750039812
"Ho"	243	1032	234	234	0.773499210110585	0.3459	-9e-04	1110.66944231612	355.420750791585	1474.73040940557	377.622705967116
"Ho"	244	699	306	306	0.781840796019901	0.3443	7e-04	1110.32113010085	354.663417275284	1473.7304927207	517.457541692129
"Ho"	245	940	257	257	0.761487050960735	0.3442	0.0018	1107.64986790297	354.432410467633	1470.91887649962	443.474570519204
"Ho"	246	801	287	287	0.796875	0.3464	-0.0033	1106.84412638504	353.884807040684	1469.54627334493	650.178542728986
"Ho"	247	928	289	289	0.749794576828266	0.3453	6e-04	1105.12880532292	353.549871558142	1467.45434015362	716.14149638432
"Ho"	248	850	271	271	0.772524531668153	0.3483	-0.0082	1104.27546614038	353.230454043623	1466.23269822219	598.428648277307
"Ho"	249	872	285	285	0.794079515989628	0.3492	-0.0105	1102.94504931618	352.798797019682	1464.41417624663	453.704194637005
"Ho"	250	846	290	290	0.773327464788732	0.3489	-0.0063	1101.77316426333	352.462060548179	1462.85321566702	449.571560318718
"Ho"	251	831	282	282	0.800988319856244	0.3502	-0.0109	1100.4423669759	352.158659782249	1461.17156557951	465.096815614029
"Ho"	252	918	308	308	0.773858075040783	0.3476	-0.0061	1099.02266303504	351.809948041233	1459.35276660655	476.601950567344
"Ho"	253	816	289	289	0.76131221719457	0.3466	-0.0048	1098.16333957403	351.611482766152	1458.25134313195	512.746459180507
"Ho"	254	831	267	267	0.804644808743169	0.3458	-0.0037	1096.66447056388	351.310648751766	1456.41105853773	513.532842324498
"Ho"	255	912	265	265	0.757646559048428	0.344	0.0013	1095.28590877479	350.874445205426	1454.5417906388	591.590425446065
"Ho"	256	1090	267	267	0.755895357406043	0.3435	0.0014	1094.42336843394	350.429119179626	1453.19798478194	632.73908340947
"Ho"	257	898	275	275	0.767902813299233	0.3421	0.0061	1094.40601980635	350.001913664525	1452.79568416155	648.168918017079
"Ho"	258	798	298	298	0.719206204379562	0.3447	-4e-04	1093.47543840794	349.630877444015	1451.44854791677	690.132251015575
"Ho"	259	861	307	307	0.696061643835616	0.3443	0.0011	1091.90838070802	349.396242999895	1449.6263206114	651.170364478282
"Ho"	260	980	309	309	0.706167571761055	0.3433	4e-04	1090.7789137925	349.210044593238	1448.27803289512	608.95768231068
"Ho"	261	914	296	296	0.714049586776859	0.3443	-0.0018	1090.30488400148	349.035352943916	1447.59005385288	605.254494735448
"Ho"	262	827	293	293	0.705357142857143	0.3452	-0.0087	1089.49968218098	348.795908575625	1446.50182217615	561.775833571182
"Ho"	263	1017	292	292	0.728418640183346	0.3466	-0.0089	1088.18135483299	348.542577025688	1444.89413213051	573.008849575971
"Ho"	264	848	310	310	0.717832469775475	0.3471	-0.008	1087.89183703527	348.286144449128	1444.32400732189	654.899429368467
"Ho"	265	903	311	311	0.72158154859967	0.3473	-0.0093	1086.7273456326	348.123286452657	1442.9725468556	668.342675120993
"Ho"	266	849	319	319	0.754494863013699	0.3458	-0.0103	1085.89361174378	347.966547244875	1441.94626197781	657.537364462025
"Ho"	267	1050	294	294	0.753720238095238	0.3435	-0.0022	1084.75573302111	347.847802697643	1440.67595931476	641.592707809017
"Ho"	268	860	293	293	0.742844752818734	0.3438	-0.0016	1084.62126964577	347.609350765926	1440.28793648073	637.224032649452
"Ho"	269	1036	277	277	0.745430312261995	0.3416	0.0057	1083.56524829114	347.36777457716	1438.95011234746	748.075546822358
"Ho"	270	997	257	257	0.746212121212121	0.342	0.0052	1083.38033902179	347.04004068707	1438.43716540118	529.461985709859
"Ho"	271	914	282	282	0.735994983277592	0.3443	0.0014	1083.03280478631	346.590307218793	1437.6540215871	549.240475174366
"Ho"	272	862	304	304	0.757289879931389	0.3433	0.001	1082.29421916264	346.297623568856	1436.58293579135	469.021006758696
"Ho"	273	795	199	199	0.727364185110664	0.3405	0.0076	1081.27828769305	346.120571546257	1435.35833852206	417.970487376933
"Ho"	274	1002	267	267	0.732860520094563	0.3426	0.0027	1079.85391498938	345.185789015111	1433.02758228951	562.523237438465
"Ho"	275	975	314	314	0.751163692785105	0.3448	-0.0029	1079.5477862921	344.817274148039	1432.3518815075	620.961974968864
"Ho"	276	885	262	262	0.754141238012206	0.3445	-0.0026	1079.12701113073	344.694256922644	1431.77286370962	431.81952522918
