"n"	"n.juveniles"	"nadult.1"	"nadult.2"	"phenotypes"	"ho"	"fis"	"ne1"	"ne2"	"ne3"	"ne4"
"Ho"	1	1400	323	323	0.004062681369704	0.345	-0.0031	0	0	0	0
"Ho"	2	1397	421	421	-0.0554180418041804	0.3437	1e-04	1400	323	1723	Inf
"Ho"	3	1380	537	537	-0.0573813249869588	0.3435	0.0014	1398.49839113336	365.545698924731	1769.22564247388	Inf
"Ho"	4	1717	561	561	-0.0314969271290606	0.3463	-0.0053	1392.27740273675	409.083311080445	1815.88558432121	306.787411272281
"Ho"	5	1837	465	465	-0.0345351867940921	0.3442	6e-04	1461.37181926546	438.788907307152	1912.89807050475	107.661932089074
"Ho"	6	1435	421	421	-0.0354256465517241	0.3456	-0.0028	1523.68414403837	443.792035991767	1979.82722725471	522.905637941482
"Ho"	7	1459	531	531	-0.0513819095477387	0.3451	-0.0042	1508.14999865944	439.823519175035	1958.05455605413	817.218638636034
"Ho"	8	1421	542	542	-0.0247070809984717	0.3444	-0.0054	1500.92679782706	450.883506085693	1962.55525230706	791.610393277205
"Ho"	9	1881	420	420	-0.0268361581920904	0.3421	-4e-04	1490.44767135799	460.561727921327	1962.61083474726	702.873401674622
"Ho"	10	1507	531	531	-0.0244111874386654	0.3436	-0.0039	1525.64431256247	455.672085813886	1995.21301086626	794.057483084541
"Ho"	11	1498	543	543	0.000489955903968643	0.3436	-0.0042	1523.7591472134	462.229292686541	1999.41069308406	807.628868055317
"Ho"	12	1681	575	575	-0.0230496453900709	0.3431	-0.0026	1521.38085655605	468.565534040494	2003.12137098205	756.173151031437
"Ho"	13	1678	468	468	-0.0351817334575955	0.3449	-0.0068	1533.51542020024	475.906527828327	2022.00888705849	742.443632516518
"Ho"	14	1507	443	443	-0.00397435897435897	0.3448	-0.0054	1543.74035263678	475.288861061976	2031.035712581	740.744143776142
"Ho"	15	1639	493	493	-0.0313086303939962	0.3426	-3e-04	1541.05673485917	472.827227290884	2025.02474835108	904.01627454449
"Ho"	16	1527	457	457	-0.0108366935483871	0.3437	-0.0036	1547.22064953514	474.120577750881	2031.82132739434	839.240316399988
"Ho"	17	1665	514	514	-0.0447452960073428	0.3434	-0.0027	1545.94118265333	473.013048119111	2028.76505729571	752.485890693183
"Ho"	18	1573	542	542	-0.050354609929078	0.3444	-0.0032	1552.47131509423	475.242245998317	2037.02660672606	671.765976593165
"Ho"	19	1215	480	480	-0.0320058997050148	0.3428	-9e-04	1553.59773023424	478.516609890154	2041.20732281052	667.54332481341
"Ho"	20	1433	531	531	-0.0226578411405295	0.343	-0.0014	1531.13983665134	478.594454438437	2019.49750063639	789.590384376483
"Ho"	21	1653	569	569	-0.0528802880288029	0.3434	-0.0022	1525.91467903291	480.967842591789	2016.64824052915	943.962597129149
"Ho"	22	1688	430	430	-0.0624409820585458	0.3409	0.0036	1531.52162505567	484.537588112494	2025.56240631835	667.397868517212
"Ho"	23	1232	501	501	-0.051067512983266	0.3431	-0.0051	1538.00223931323	481.760205485038	2029.58872398098	786.792981383859
"Ho"	24	1701	565	565	-0.03806266548985	0.3434	-0.0051	1521.57070197284	482.565939192405	2014.59820462914	941.81116033234
"Ho"	25	811	464	230	0.074207492795389	0.3395	0.003	1528.28781961583	485.517501080845	2023.95437119776	710.19933131277
"Ho"	26	755	306	147	0.152716186252772	0.3415	-0.0012	1476.06758296047	484.618554505812	1977.49006291171	763.682576064625
"Ho"	27	589	195	104	0.264430014430014	0.3429	-0.0093	1423.76838637077	473.977383673705	1913.90439063658	1066.03573699867
"Ho"	28	856	122	54	0.323901098901099	0.3405	-0.0013	1352.7603038701	450.12646198575	1816.92088329197	708.818079940231
"Ho"	29	621	110	51	0.451264880952381	0.3436	-0.0117	1325.29232089102	410.678434544066	1762.91326024735	209.989258861439
"Ho"	30	789	97	47	0.493421052631579	0.3392	-0.005	1275.41370046797	375.303606665988	1681.08245336061	177.851430755267
"Ho"	31	748	126	60	0.536819306930693	0.3385	-0.0029	1249.73196205412	342.54375684757	1632.25706028292	67.1379310344828
"Ho"	32	857	128	57	0.644967177242888	0.3355	0.0072	1223.26351275433	324.551052253653	1587.82007129932	112.953111264892
"Ho"	33	811	138	70	0.731838819523269	0.3338	0.0058	1207.14143492661	309.69022705811	1558.02288019136	114.053851907255
"Ho"	34	793	136	69	0.68445475638051	0.336	0.0038	1189.53415005212	298.438794389747	1528.30193482153	155.085798911819
"Ho"	35	833	141	67	0.7825	0.3382	-0.002	1172.29306138261	288.310588422375	1499.84440136775	128.870569325776
"Ho"	36	881	139	75	0.882583682008368	0.3369	-4e-04	1158.8073710897	279.953916453989	1477.06047698223	131.121769251266
"Ho"	37	811	158	82	0.848264277715566	0.3361	-0.0038	1148.74526045598	272.284148834764	1458.90126919443	164.941390948732
"Ho"	38	769	160	75	0.950236966824645	0.3389	-0.0057	1135.95941355366	267.063296705279	1439.23532183063	229.563290554889
"Ho"	39	671	162	68	0.961434370771313	0.338	-0.0056	1121.87135474793	262.441931834247	1418.72979652552	161.307706455766
"Ho"	40	693	124	56	1.05473965287049	0.3361	-0.0049	1102.86977315397	258.334988917618	1393.60358770768	305.246793626117
"Ho"	41	844	119	63	1.13726571113561	0.3392	-0.0098	1086.80027168146	251.522828361083	1369.44126378319	242.208535159512
"Ho"	42	769	118	50	1.08394383394383	0.3368	-0.0057	1079.22782889847	244.871653108891	1355.48776079356	606.318560772268
"Ho"	43	920	116	57	1.21929375639713	0.3382	-0.0075	1068.96028206941	238.759503609615	1338.65352043634	158.245906902087
"Ho"	44	995	159	107	1.26134301270417	0.3377	-0.0061	1064.95028976523	233.024544231367	1329.62024736664	108.255135845703
"Ho"	45	1036	196	128	1.30992268041237	0.3368	-0.0047	1063.25146044245	230.584731530077	1325.03730700847	152.567393692139
"Ho"	46	1134	228	148	1.35861934477379	0.3351	0.0034	1062.63030583618	229.684100808627	1322.81740496982	190.035747601778
"Ho"	47	917	271	178	1.38356164383562	0.3351	0.003	1064.08616628115	229.647225419799	1323.64521340947	241.536816406636
"Ho"	48	890	259	176	1.40126641651032	0.3336	0.0026	1060.4670560063	230.395241631744	1320.43740815796	319.741984511833
"Ho"	49	907	259	188	1.44543378995434	0.3336	8e-04	1056.25225702095	230.92658003447	1316.34560950092	417.311042373926
"Ho"	50	1168	254	193	1.48383541513593	0.3343	0.0014	1052.71693361016	231.438539005529	1312.89079508577	559.922851294898
"Ho"	51	1253	263	196	1.51570048309179	0.3345	0.0014	1054.79913358525	231.85041965116	1314.90863806797	476.453701516652
"Ho"	52	1247	301	234	1.57798784604997	0.3378	-0.0098	1058.0808659667	232.390109084935	1318.33750511216	460.861725258276
"Ho"	53	1172	362	289	1.61190965092402	0.3378	-0.0073	1061.17252896144	233.413266428905	1322.10960547128	374.051324891812
"Ho"	54	1146	388	291	1.64091858037578	0.3375	-0.0101	1063.06925891031	234.988183710838	1325.56430947004	495.418137631391
"Ho"	55	1346	362	293	1.64978645515558	0.3365	-0.0046	1064.49578959219	236.716920151212	1328.90816832023	601.316193352642
"Ho"	56	1277	377	324	1.69237976264834	0.3365	-0.0075	1068.55905954127	238.215886496223	1334.29266320731	715.516672923433
"Ho"	57	1022	404	343	1.7540293040293	0.3381	-0.0078	1071.68276694444	239.79221035656	1338.91415091442	813.272278971469
"Ho"	58	1419	419	363	1.75350729517396	0.3376	-0.0053	1070.7695456414	241.514398367809	1340.35020730914	745.502067336549
"Ho"	59	1500	415	359	1.78402366863905	0.3355	-0.0037	1075.31936156151	243.291235305926	1346.63658886403	792.07165201856
"Ho"	60	1215	410	376	1.82385292269013	0.3333	0.0015	1080.50432502578	245.00944108362	1353.44500253332	790.964080140903
"Ho"	61	1224	451	408	1.81571691176471	0.3331	0.0021	1082.50146858789	246.663798726561	1357.22511805635	782.223724693251
"Ho"	62	1349	461	429	1.84856580427447	0.334	0.0028	1084.55685273413	248.509587871473	1361.45939845386	848.898936918195
"Ho"	63	1417	454	420	1.8430865541644	0.3341	0.0031	1087.99683584571	250.370949083275	1366.9229561532	944.84186004536
"Ho"	64	1542	412	380	1.85770031217482	0.3343	0.0011	1092.02141831876	252.166221031457	1372.79362843637	748.85555917835
"Ho"	65	1556	453	419	1.86088607594937	0.3358	-0.0039	1097.02341491729	253.70408826321	1379.20357201154	780.735410921558
"Ho"	66	1316	463	431	1.86047510017172	0.3344	0.0013	1102.0244373906	255.43296397874	1385.88754817599	734.421580520294
"Ho"	67	1455	512	481	1.87990702479339	0.335	-4e-04	1104.74605314844	257.179873596079	1390.54320977137	823.590058893022
"Ho"	68	1452	484	438	1.87486772486772	0.3333	0.0021	1108.72960878745	259.104578042459	1396.65229092909	838.41109590389
"Ho"	69	1587	555	506	1.86574295269947	0.3323	0.0035	1112.59772026348	260.887282083157	1402.39776386561	1012.88773299994
"Ho"	70	1406	493	453	1.87170521785906	0.3317	0.0069	1117.43882531261	262.906452504991	1409.45085663608	1043.36668067016
"Ho"	71	1308	570	534	1.89155808903366	0.3318	0.0042	1120.72471884411	264.671132884151	1414.66071098961	954.060483270268
"Ho"	72	1236	448	431	1.90401919616077	0.3309	0.0061	1122.98931094195	266.683143312282	1419.59368981728	848.988797113256
"Ho"	73	1353	436	404	1.88531587933978	0.3324	0.0029	1124.41720517003	268.19069208715	1422.69617270802	956.338536959642
"Ho"	74	1585	481	450	1.89029484029484	0.3317	7e-04	1127.02549966078	269.612189982267	1426.69783336448	1084.90788428524
"Ho"	75	1524	444	422	1.9051901336074	0.3343	-0.0032	1131.44337171144	271.222945290225	1432.68878759135	1031.561951224
"Ho"	76	1400	441	416	1.91161894273128	0.3334	-0.0031	1135.3426392391	272.637525127912	1437.90373332858	769.675895917599
"Ho"	77	1319	545	531	1.92040540540541	0.3332	-0.0047	1138.17371114209	274.013992304603	1442.05828542539	918.744718546759
"Ho"	78	1261	408	384	1.94331306990881	0.3326	-0.0031	1140.20376949187	275.794918406873	1446.31012879778	772.886633511377
"Ho"	79	1342	506	499	1.93020097772949	0.3319	-0.0028	1141.60580774297	276.945420919742	1448.78843232202	1069.87532626597
"Ho"	80	1481	551	546	1.94869264923532	0.3315	4e-04	1143.76774641067	278.541488448459	1452.76097181061	1117.50871070255
"Ho"	81	1363	464	462	1.96931506849315	0.3304	0.0018	1147.03257067425	280.273861386302	1457.9560076189	1042.7235527925
"Ho"	82	1341	503	488	1.94805904866047	0.3306	-2e-04	1149.28076331418	281.650686446399	1461.60088877238	1119.75182228686
"Ho"	83	1491	534	514	1.93628428927681	0.33	0	1151.28803913736	283.170338291416	1465.30659176672	1020.89048537112
"Ho"	84	1440	527	499	1.95371325425477	0.3284	0.0045	1154.45711698552	284.781993248939	1470.20239775089	985.001888071753
"Ho"	85	1513	541	524	1.95103092783505	0.3289	0.0034	1157.18882194924	286.348787151065	1474.63624522722	1021.50621564292
"Ho"	86	1548	505	498	1.96749755620723	0.3302	0.002	1160.39929619666	287.94333142811	1479.5460071268	1038.77268452091
"Ho"	87	1473	566	560	1.97602065912445	0.3302	0.0034	1163.78765110807	289.389657816431	1484.36717798911	1202.84082339416
"Ho"	88	1439	455	444	1.96481678173128	0.3297	0.002	1166.60251720016	291.024448692852	1489.02272174902	935.505025125628
"Ho"	89	1369	517	512	1.99787347155768	0.3299	9e-04	1169.11739998534	292.221180189485	1492.64954058078	1088.97220531548
"Ho"	90	1539	497	494	1.9879488440728	0.3308	-0.0011	1171.03851211113	293.655722312188	1496.15564415885	1048.58500882511
"Ho"	91	1515	580	574	2.00562470081379	0.3319	-0.0043	1174.15774415615	294.996788910921	1500.57650070991	1235.26133704603
"Ho"	92	1438	576	574	1.99639662027833	0.3312	-0.002	1177.0677970574	296.598370723349	1505.2698720794	1216.92649739535
"Ho"	93	1457	535	531	1.98252012072435	0.3314	-0.0021	1179.39395857209	298.170481956381	1509.41414721972	1048.9315640764
"Ho"	94	1344	478	468	1.98868653421634	0.3292	0.002	1181.8151882021	299.596535682705	1513.35639138292	873.092488957409
"Ho"	95	1443	422	415	1.95627018299246	0.3295	0.0044	1183.33430271562	300.790832096863	1516.08854823949	809.249878978959
"Ho"	96	1530	529	521	1.97428083861531	0.3294	0.0026	1185.5800222558	301.703008965674	1519.0800788485	1186.93765689435
"Ho"	97	1512	475	472	2.00882056451613	0.329	0.0041	1188.36663179334	303.059430212363	1523.24081657302	1009.30806174704
"Ho"	98	1332	403	401	2.00778995960762	0.3286	0.0066	1190.99471797737	304.194609691836	1526.91480451996	851.981271938602
"Ho"	99	1487	440	440	1.99571873378308	0.3287	0.0074	1192.28262436104	304.957547086562	1528.78575483839	704.013737576998
"Ho"	100	1515	490	489	2.03181137724551	0.3291	0.003	1194.67433763045	305.905900695161	1531.98357467027	749.52675932652
"Ho"	101	1420	545	540	2.04426020408163	0.3286	0.0024	1197.20566236173	307.059530239086	1535.60635286352	798.700292469585
"Ho"	102	1395	422	415	2.05165745856354	0.3268	0.0068	1199.06834286118	308.392604654971	1538.93595416384	659.850174460154
"Ho"	103	1466	553	547	2.03204172876304	0.3292	-0.0016	1200.72172255661	309.208709014444	1541.24835098316	915.129149079572
"Ho"	104	1454	480	473	2.04891022314478	0.3273	3e-04	1202.83490267177	310.537847918637	1544.7973032137	906.443482698672
"Ho"	105	1368	473	466	2.04566521264995	0.3284	-0.0031	1204.83609815279	311.595613608967	1547.79231625738	932.826458672668
"Ho"	106	1600	486	480	2.05516826923077	0.3302	-0.0044	1206.20625492657	312.611557970045	1550.14359539177	973.087389832217
"Ho"	107	1280	505	499	2.0292299044407	0.3309	-0.0063	1209.01345975063	313.667274252334	1553.90936668974	1069.98325656356
"Ho"	108	1442	529	522	2.05168024439919	0.3291	-0.0037	1209.64041790054	314.781886566069	1555.79176625288	1104.40154941128
"Ho"	109	1464	486	480	2.06224279835391	0.3297	-0.0045	1211.44790961738	315.966612668322	1558.83233609418	981.447139550491
"Ho"	110	1507	521	514	2.04539831766452	0.3294	-0.0018	1213.36824027792	316.984052775233	1561.70643186769	1106.71407696724
"Ho"	111	1505	478	471	2.02973178137652	0.3304	-0.002	1215.52131781626	318.11650505418	1564.97763055605	978.354437699241
"Ho"	112	1192	501	492	2.00282066508314	0.3305	-0.0011	1217.63127139939	319.078005802948	1567.95537572031	942.562391740458
"Ho"	113	1621	421	416	2.02430044182621	0.3289	8e-04	1217.39754471802	320.115860731633	1568.99006568984	836.935717286775
"Ho"	114	1553	519	511	2.01501937984496	0.3303	-0.0012	1220.08587572257	320.796146674034	1572.21297032878	1058.28166388083
"Ho"	115	1276	558	553	1.97266265718972	0.3283	-1e-04	1222.38447751119	321.874413737716	1575.54663291334	1044.32736331966
"Ho"	116	1390	501	481	1.94468198824158	0.3289	-0.0044	1222.83127277905	323.063185501411	1577.47970835848	900.796693056734
"Ho"	117	1560	497	479	1.95622854340363	0.3283	-0.0032	1224.1003828199	324.055362853385	1579.73758956437	977.295650930765
"Ho"	118	1692	508	507	1.97305593451569	0.3283	-0.0023	1226.35730232668	325.022031537436	1582.87653754575	993.245902937913
"Ho"	119	1478	554	539	1.96430342092216	0.3266	8e-04	1229.22412946782	326.017193082781	1586.64833227808	972.014972077337
"Ho"	120	1379	517	497	1.97454690831557	0.3271	-0.0044	1230.96526531728	327.148525776793	1589.57594550138	843.213038157824
"Ho"	121	1512	531	520	1.97687007874016	0.3272	-0.0054	1232.06744550465	328.152721100314	1591.71967438785	853.090423676543
"Ho"	122	1305	453	435	1.96350574712644	0.3265	-0.0052	1233.95550530576	329.192015501646	1594.63074537811	897.884349594125
"Ho"	123	1471	563	561	1.98880413385827	0.3261	-0.0031	1234.50638076596	329.931133742371	1595.84632299182	1153.87557111359
"Ho"	124	1553	456	455	1.98169820717131	0.3248	-0.0024	1236.1220892697	331.045321061462	1598.64609541727	852.558450142477
"Ho"	125	1391	494	474	1.98418230563003	0.3256	-0.0024	1238.15948510498	331.778507196958	1601.28379455116	1119.74854988773
"Ho"	126	1611	512	512	1.98386716910033	0.3253	0.0016	1239.24881610217	332.652407928922	1603.21422577305	1107.45589563973
"Ho"	127	278	99	99	1.95092838196286	0.3231	0.0017	1241.52255655834	333.579781605051	1606.33555891258	603.317894672903
"Ho"	128	289	102	102	1.96291560102302	0.3217	0.0147	1208.54073315952	327.470034591867	1566.12394514799	1708.54707692308
"Ho"	129	283	106	106	1.91966580976864	0.3237	0.0039	1179.2276952209	321.91080960887	1530.19505976833	1846.21352785146
"Ho"	130	231	103	103	1.86302395209581	0.3225	0.004	1150.97193804293	316.906888095104	1496.16979953432	1742.46368799316
"Ho"	131	337	73	73	1.84329268292683	0.3303	-0.0105	1116.75989136986	311.923866173096	1457.16758488634	521.990975476839
"Ho"	132	293	37	37	1.80378787878788	0.3232	-0.0065	1097.37713210375	304.32065918279	1429.30093787114	164.244745446053
"Ho"	133	315	30	30	1.83840579710145	0.3181	0.0134	1075.019061222	288.528359576928	1394.11830338056	106.940242057489
"Ho"	134	334	36	36	1.74189189189189	0.3085	0.0368	1055.8645749344	270.971041564751	1362.95557822399	124.262990455991
"Ho"	135	314	37	37	1.79985754985755	0.3195	-0.0104	1039.10496584331	258.385409556337	1336.19514216097	164.244745446053
"Ho"	136	322	44	44	1.75341530054645	0.319	2e-04	1021.62941588553	247.419433075148	1308.97976791724	103.756963788301
"Ho"	137	325	50	50	1.73	0.3182	-0.0088	1005.56432676941	239.285198544533	1284.6428935675	71.1042356632386
"Ho"	138	263	52	52	1.73412698412698	0.3256	-0.0251	990.425676931435	232.850859682309	1262.29280730441	62.3417910447761
"Ho"	139	317	42	42	1.72423398328691	0.3211	-0.0123	970.965025286648	227.126769449341	1235.3717407221	44.5771812080537
"Ho"	140	305	43	43	1.72557471264368	0.3178	-0.0035	956.765108835365	220.145803135151	1214.05033621177	52.2289943404441
"Ho"	141	258	36	36	1.59268707482993	0.3224	-0.0205	942.380778376745	213.85292148575	1192.84621338438	61.8866943866944
"Ho"	142	296	33	33	1.71504559270517	0.3154	-0.0212	924.979109161554	206.613593049478	1167.53067032386	103.584440686156
"Ho"	143	280	35	35	1.71904761904762	0.3147	-0.0209	911.341528678818	199.232156732507	1146.94442776556	72.9488147365242
"Ho"	144	324	34	34	1.51885474860335	0.3114	-0.0139	897.19476753845	192.902333308339	1126.14543956924	78.744151503899
"Ho"	145	309	41	41	1.44142857142857	0.3233	-0.0519	886.306007974643	186.838392040604	1109.6117798015	62.1726436881781
"Ho"	146	335	42	42	1.4920424403183	0.3047	0.0064	875.03135429755	182.364753287972	1093.2483449042	56.6465726786582
"Ho"	147	331	55	55	1.56347150259067	0.3081	-0.001	865.475356973131	178.283743236656	1079.20491024027	70.0957161855883
"Ho"	148	305	57	57	1.57389502762431	0.3056	0.003	856.071791680306	175.606023032043	1066.17962123672	71.9463923108163
"Ho"	149	307	54	54	1.61218836565097	0.3098	-0.0146	845.746863908878	173.171319206265	1052.34801701043	78.7161971830986
"Ho"	150	326	55	55	1.57086614173228	0.3093	-0.0105	835.901870980424	170.643870148343	1038.99386746392	77.3312484627007
"Ho"	151	311	46	46	1.60224089635854	0.3077	0.0064	827.275504365046	168.284946212856	1027.16762082594	102.07702020202
"Ho"	152	269	42	42	1.78778135048232	0.3043	0.0146	818.279577919653	165.373530536682	1014.55475521479	105.922671353251
"Ho"	153	277	36	36	1.76757188498403	0.3126	-0.0064	807.432720554541	162.238207779523	999.676452585482	68.7303506650544
"Ho"	154	275	34	34	1.71035598705502	0.3016	0.0126	797.451960009499	158.603171448405	985.544806248767	91.8226164079823
"Ho"	155	284	33	33	1.61435331230284	0.3041	-0.0026	787.73405677623	154.916560533144	971.729429901129	51.781627983001
"Ho"	156	319	33	33	1.61221590909091	0.3089	-0.011	778.821765826538	151.310069192006	958.951295475774	51.781627983001
"Ho"	157	314	34	34	1.57614942528736	0.3064	-0.0025	771.691300899033	147.910819143993	948.467726937357	78.744151503899
"Ho"	158	293	37	37	1.65984848484848	0.3082	-0.0156	764.592687933031	144.82040862044	938.15707016468	59.679857033444
"Ho"	159	276	48	48	1.64660493827161	0.3105	-0.0209	756.882397094157	142.19779077805	927.340638144378	61.9045837231057
"Ho"	160	249	52	52	1.65365448504983	0.3044	-0.0182	748.678353675869	140.464115546386	916.605615683527	59.5966992469156
"Ho"	161	297	50	50	1.585734870317	0.3022	-0.0145	739.404646436123	138.986314894916	905.036972767478	52.6747734418347
"Ho"	162	303	49	49	1.51633522727273	0.3026	-0.0145	732.626360347093	137.466730083637	896.086263656387	46.3738127544098
"Ho"	163	271	41	41	1.71634615384615	0.3017	-0.0135	726.269668130384	135.95158867525	887.617192357514	47.4616238563718
"Ho"	164	358	37	37	1.82341772151899	0.3006	-0.0056	718.860719649036	134.047057614685	877.68307509571	46.746935910588
"Ho"	165	325	41	41	1.80327868852459	0.2961	0.0106	714.469386751666	131.936956523511	871.191727426795	62.060546875
"Ho"	166	305	46	46	1.88390313390313	0.3036	-0.0279	709.317730962573	130.186948412977	863.964246221568	78.7194956616052
"Ho"	167	289	49	49	1.91420118343195	0.2959	-0.0123	703.698184189632	128.767288243693	856.424426934025	89.4950579900589
"Ho"	168	321	51	51	2.00940860215054	0.3006	-0.019	697.703193257711	127.524191707221	848.630240523609	97.0642625982432
"Ho"	169	296	54	54	1.98928571428571	0.3042	-0.0396	692.863335834848	126.395305318902	842.207087574281	94.503429006858
"Ho"	170	293	45	45	1.9689349112426	0.3012	-0.0251	687.409798617415	125.400520205226	835.256635571379	88.9132075471698
"Ho"	171	325	40	40	1.92945205479452	0.2969	-0.0203	682.009453083469	124.096284152753	828.090373250605	85.4416961130742
"Ho"	172	293	36	36	1.89665653495441	0.2851	0.0056	677.656242386698	122.589078598969	821.991576710229	88.5174418604651
"Ho"	173	268	31	31	1.9866220735786	0.2861	-0.0015	672.523092815291	120.898431985646	814.892279514238	91.1052190901479
"Ho"	174	347	30	30	2.02586206896552	0.2877	-0.0113	666.706122265346	118.905257236364	806.845316237628	142.563025210084
"Ho"	175	293	34	34	2.04281345565749	0.2917	-0.0245	663.194456954458	116.914017617434	801.592703821579	92.1590612777054
"Ho"	176	301	31	31	2.02861445783132	0.2949	-0.0304	658.440657217058	115.307196951973	794.999415535765	65.4211800688161
"Ho"	177	327	36	36	2.06198347107438	0.2748	0.0306	654.027788698659	113.552560211116	788.749576527409	56.43605292172
"Ho"	178	290	38	38	2.00838414634146	0.2869	-0.0163	650.353164787506	112.187148939452	783.557451066692	49.4748809008229
"Ho"	179	295	37	37	2.10692771084337	0.2908	-0.0123	645.844599399007	110.970036195067	777.490861672829	54.5990891042859
"Ho"	180	281	43	43	2.08024691358025	0.2945	-0.0246	641.581830338373	109.744338969373	771.705912959723	63.5324656902727
"Ho"	181	285	40	40	2.08846153846154	0.2915	-0.0047	637.04040693128	108.806071614623	765.826879655109	69.8104128572803
"Ho"	182	333	38	38	2.0855795148248	0.2836	-0.0011	632.722410327495	107.781756797364	760.130560351239	76.9514343231002
"Ho"	183	269	37	37	2.15114379084967	0.2808	-0.0042	629.60872776391	106.705112750661	755.775014677814	72.873197682253
"Ho"	184	262	40	40	2.20612582781457	0.2881	-0.0226	625.0301161282	105.617813737947	749.753010830338	85.653560042508
"Ho"	185	260	36	36	2.19341216216216	0.2904	-0.0309	620.358509306209	104.684502840039	743.759979407312	69.1139240506329
"Ho"	186	319	34	34	2.12322946175637	0.2901	-0.0264	615.745430193183	103.615913128396	737.727748554482	79.0172552166934
"Ho"	187	261	31	31	2.11900684931507	0.2856	-0.0029	612.681245077703	102.487707038904	733.430162046121	65.4211800688161
"Ho"	188	326	27	27	2.1628895184136	0.2844	-0.01	608.298122958734	101.239240390998	727.548507668484	57.4736842105263
"Ho"	189	328	34	34	2.18370165745856	0.2888	-0.0409	605.509092800594	99.7799054060429	723.465377095568	61.3063214525891
"Ho"	190	330	49	49	2.16490765171504	0.2856	-0.0275	602.810592660258	98.7688556115839	719.663258484822	50.4884128889299
"Ho"	191	293	50	50	2.13192419825073	0.2883	-0.0351	600.199098691705	98.2436703223225	716.274722435451	48.375796178344
"Ho"	192	299	51	51	2.10071428571429	0.2757	0.0084	596.922397611791	97.7498679762808	712.216711122306	48.386541441114
"Ho"	193	333	55	55	2.05219072164948	0.2754	0.0025	593.840624641257	97.2853990667231	708.398352174551	61.1235746732178
"Ho"	194	311	45	45	2.0252808988764	0.2725	0.0036	591.440219526827	96.8993953360487	705.380315069102	81.3886010362694
"Ho"	195	280	46	46	2.11963190184049	0.2774	-0.0153	588.70384805494	96.3267378960146	701.829904534364	102.248757694875
"Ho"	196	318	49	49	2.14713896457766	0.2832	-0.0301	585.394078737452	95.7893060899023	697.705027800192	105.715880140725
"Ho"	197	304	42	42	2.14812138728324	0.2855	-0.0297	582.893400968966	95.3248969083702	694.512031350277	94.3769050410316
"Ho"	198	373	46	46	2.08890214797136	0.2744	5e-04	580.191497749279	94.7144739498128	690.979058209859	92.9773278197633
"Ho"	199	274	56	56	2.02878787878788	0.2797	-0.0208	578.568370400542	94.2105851601137	688.721184254761	72.4662162162162
"Ho"	200	309	52	52	2.12950138504155	0.2795	-0.0248	575.354585992038	93.8886594049306	684.979496177117	77.0066225165563
"Ho"	201	329	54	54	2.29373368146214	0.2708	0.0059	572.885481215823	93.5120158489532	681.919552230235	70.656071964018
"Ho"	202	274	50	50	2.37268518518519	0.2759	-0.0146	570.780428071683	93.1728370563915	679.281948397531	60.3637074696911
"Ho"	203	305	45	45	2.27285714285714	0.2717	0.0031	567.736181001699	92.7762613717476	675.614401627946	64.9090909090909
"Ho"	204	295	45	45	2.30808823529412	0.2732	-0.0126	565.337173814003	92.2935638970159	672.532259625224	60.8696605200427
"Ho"	205	292	43	43	2.33208955223881	0.2694	-0.0042	562.808955429027	91.8205225299866	669.323326548566	68.2979540934983
"Ho"	206	271	45	45	2.28955696202532	0.2675	-0.0015	560.274253036468	91.314789603931	666.080715401527	81.1595273264402
"Ho"	207	268	39	39	2.33876221498371	0.2696	-0.03	557.386039119668	90.8608305692972	662.517751648557	104.249400479616
"Ho"	208	336	39	39	2.22266666666667	0.2605	-0.0081	554.493568546465	90.2808676335863	658.831989987562	104.249400479616
"Ho"	209	230	40	40	2.1712962962963	0.2668	-0.0282	552.76543649534	89.713732764894	656.443277145688	85.4416961130742
"Ho"	210	287	38	38	2.31692307692308	0.2603	-0.0108	549.078654477807	89.1833931269776	651.97840612159	99.1492265696087
"Ho"	211	268	41	41	2.27427184466019	0.2669	-0.0281	546.70137290799	88.6150200183866	648.869741012479	73.5674319891955
"Ho"	212	258	39	39	2.21885521885522	0.261	-0.0165	544.020125897007	88.1299536092635	645.504849434394	60.9339207048458
"Ho"	213	292	35	35	2.1934250764526	0.2608	-0.0331	541.190097015869	87.6093629059126	641.951656097686	65.0506151689768
"Ho"	214	297	31	31	2.11585365853659	0.2535	-0.0122	539.030455695699	86.9954427424787	639.061911408492	50.7418589605348
"Ho"	215	332	29	29	2.18005540166205	0.2662	-0.037	536.985601078952	86.2672885345073	636.242348480561	79.8261798753339
"Ho"	216	322	36	36	2.21578212290503	0.2623	-0.0236	535.447927846449	85.4821512418501	633.994045831622	124.262990455991
"Ho"	217	302	40	40	2.13377192982456	0.2592	-0.0293	533.809720767399	84.9416298203608	631.739283252792	42.4560933100952
"Ho"	218	288	44	44	2.14834337349398	0.2515	-0.008	531.928161293876	84.504100786278	629.282498010962	35.6682763744428
"Ho"	219	275	44	44	2.09561128526646	0.2551	-0.0314	529.869514244701	84.1487661215544	626.708310269154	34.3570330514988
"Ho"	220	304	43	43	2.06412103746398	0.2547	-0.0322	527.636579769259	83.7996118028176	623.960028879509	29.5049828459402
"Ho"	221	291	44	44	2.1544776119403	0.247	-0.0065	525.878123058489	83.439748236541	621.704497107523	44.3877855014896
"Ho"	222	284	44	44	2.06478658536585	0.2473	-0.0033	523.964487825794	83.1026905244817	619.306200722923	71.9215205395463
"Ho"	223	290	45	45	2.12537313432836	0.2541	-0.0224	521.977808826437	82.771345081095	616.838489275296	69.8076923076923
"Ho"	224	277	44	44	2.11682242990654	0.2546	-0.0417	520.112114244614	82.4609652530638	614.520098055628	84.9401408450704
"Ho"	225	287	41	41	2.09375	0.2419	0.002	518.082200964107	82.1404295179217	612.021757403574	80.7309341786314
"Ho"	226	304	43	43	2.0806916426513	0.2451	-0.0136	516.234850048681	81.7757369496557	609.675401320528	68.3953521732894
"Ho"	227	209	41	41	2	0.2478	-0.0212	514.645050109256	81.4507408084802	607.640103724137	67.3258585680233
"Ho"	228	278	35	35	1.90015974440895	0.2438	-0.0263	511.350742763696	81.0982657972219	603.834720253061	53.1359483410043
"Ho"	229	308	34	34	1.97514619883041	0.2538	-0.0416	509.475089750115	80.6324741648985	601.383858386873	68.934360231052
"Ho"	230	334	27	27	1.95914127423823	0.2485	-0.023	508.023916323352	80.1524194986354	599.398690926461	86.1328806983511
"Ho"	231	216	28	28	1.81147540983607	0.2474	-0.0368	506.875667316383	79.47220373193	597.682603364957	52.8559322033898
"Ho"	232	343	31	31	1.82152406417112	0.2387	-0.0123	503.937891333784	78.8447588508591	593.955548072124	50.5723574032115
"Ho"	233	288	31	31	1.90987460815047	0.2371	0.0022	502.920762964684	78.3237105964388	592.453687069833	37.8989150568934
"Ho"	234	322	35	35	1.87605042016807	0.2415	-0.0148	501.315150265281	77.813888921277	590.28200262101	41.72521120498
"Ho"	235	298	40	40	1.99334319526627	0.2445	-0.0277	500.124939792139	77.4092259176238	588.638215342235	51.1875
"Ho"	236	251	49	49	1.90916666666667	0.2403	-0.019	498.685602403007	77.10238119455	586.786633388575	55.3214937759336
"Ho"	237	295	50	50	1.84492753623188	0.2363	-0.0124	496.609112982589	76.9154642371177	584.419350084931	63.7381747356706
"Ho"	238	248	52	52	1.93166666666667	0.2368	-0.0165	495.181192778887	76.7411584223471	582.713084714317	69.0168539325843
"Ho"	239	341	41	41	1.94764397905759	0.2386	-0.0142	493.116117047147	76.5880494158945	580.414893050055	67.3258585680233
"Ho"	240	311	39	39	1.94357142857143	0.2423	-0.0273	492.197441191314	76.3109031568357	579.156232160841	91.2509465582521
"Ho"	241	334	40	40	1.97526737967914	0.2389	-0.0212	491.005467259396	76.0079198090635	577.580563284037	69.8104128572803
"Ho"	242	321	42	42	1.85812672176309	0.2358	-0.0082	490.049613797095	75.7250668903783	576.278954632553	70.7163437655241
"Ho"	243	311	51	51	1.86395027624309	0.2317	0.0023	488.985495864648	75.4746352569106	574.883211055274	78.8183969926208
"Ho"	244	332	47	47	1.8377308707124	0.2399	-0.0293	487.83656921528	75.3258760105002	573.49531659013	59.2298033518394
"Ho"	245	283	50	50	1.84084084084084	0.2404	-0.0247	486.899910963308	75.1402800690431	572.291674019945	67.2549019607843
"Ho"	246	304	44	44	2.01005747126437	0.2349	-0.0195	485.472237407635	74.9863879226153	570.61803126787	54.8972785485592
"Ho"	247	295	43	43	2.00073964497041	0.2368	-0.0158	484.297033270421	74.7723335496249	569.13802488273	55.6361318650189
"Ho"	248	338	43	43	1.92782152230971	0.239	-0.038	483.042131158667	74.5493219759766	567.566668741554	81.2311040580367
"Ho"	249	292	40	40	1.86671686746988	0.2286	0.0023	482.20775865227	74.3294192396787	566.448216063061	96.3346613545817
"Ho"	250	300	46	46	1.83598265895954	0.233	-0.0161	480.949570559613	74.0741058826856	564.846299875954	113.803863298663
"Ho"	251	323	49	49	1.89112903225806	0.23	-0.0133	479.791995153201	73.8937145811885	563.420836692334	105.715880140725
"Ho"	252	329	49	49	1.92857142857143	0.2333	-0.0139	478.865887350499	73.7444525798495	562.268137410873	96.9285693349357
"Ho"	253	303	56	56	1.89275766016713	0.2333	-0.0165	478.0018432246	73.5969698514311	561.182556822844	84.734762979684
"Ho"	254	330	62	62	1.89413265306122	0.2307	-0.0143	476.913116858378	73.5056741757973	559.936128798381	74.8919503219871
"Ho"	255	335	60	60	1.88164556962025	0.2306	-0.0172	476.078683509961	73.4520092731903	558.993304080485	73.0476190476191
"Ho"	256	342	67	67	1.85452322738386	0.2351	-0.0314	475.293739815566	73.3874858000192	558.084670186015	70.6549765548969
"Ho"	257	320	60	60	1.81184210526316	0.2354	-0.0356	474.571227779751	73.3601661277111	557.291161160961	70.0229164153902
"Ho"	258	302	54	54	1.8125	0.2199	0.0183	473.680937846158	73.2966605789471	556.281292675291	88.4098700320211
"Ho"	259	280	53	53	1.87537537537538	0.2254	-0.0097	472.639518935101	73.1952806989852	555.070919870677	90.7707755954533
"Ho"	260	235	44	44	1.93996415770609	0.2234	-6e-04	471.387342557517	73.087753366364	553.645379981583	133.637925548839
"Ho"	261	286	45	45	1.89274924471299	0.2246	0.0094	469.570639519562	72.9023891430064	551.557116762466	163.183183183183
"Ho"	262	311	46	46	1.953081232493	0.2359	-0.0407	468.418696753359	72.7296067004034	550.152571555653	92.9773278197633
"Ho"	263	335	44	44	2.03825857519789	0.2244	-0.0098	467.515482816331	72.5686598255351	549.018819158099	51.6
"Ho"	264	349	42	42	2.07864450127877	0.2217	-0.0121	466.813366039917	72.3899453661543	548.083953676558	49.6634492382835
"Ho"	265	349	48	48	2.1183879093199	0.2238	-0.0239	466.217218824329	72.192081602107	547.251159212642	48.2508202697776
"Ho"	266	268	48	48	2.05617088607595	0.2228	-0.0249	465.627074361271	72.0550406097898	546.470703372545	48.2508202697776
"Ho"	267	321	49	49	1.95337837837838	0.223	-0.0204	464.339815366484	71.9195434654681	544.976448288333	77.4918285699344
"Ho"	268	334	51	51	2.00909090909091	0.2247	-0.0208	463.564531499873	71.79377105423	544.012894850091	84.0495112173852
"Ho"	269	261	48	48	2.03559870550162	0.225	-0.0306	462.894512835455	71.6847137286987	543.175795067322	111.490996398559
"Ho"	270	266	42	42	2.14935064935065	0.2233	-0.0262	461.567220194029	71.5534619271156	541.649811558104	141.811764705882
"Ho"	271	261	45	45	2.13071895424837	0.2185	-0.0161	460.31377706124	71.3674693531858	540.132233460887	122.417378388414
"Ho"	272	278	46	46	2.07253086419753	0.2214	-0.0258	459.020297973755	71.213494802817	538.611524404901	102.443047918303
"Ho"	273	346	36	36	2.04188481675393	0.2221	-0.0166	457.924054469874	71.0702778844926	537.303070440048	69.1139240506329
"Ho"	274	279	38	38	2.11198738170347	0.2167	-0.0016	457.382098691353	70.8175721524523	536.504106676258	77.1608542849419
"Ho"	275	260	31	31	2.11426116838488	0.2126	-0.0053	456.31730995918	70.5950636435464	535.151692457773	76.2920426579163
"Ho"	276	311	24	24	2.04925373134328	0.2163	-0.0442	455.067831741328	70.268694910744	533.523941464019	67.5773195876289
